-----Load/BCs Start-----
-----loadcase name*loadcase type*load id*load name*load type*application type*element dimension-----
Default*Static*1*fixed*Displacement*nodes*node
-----Load/BCs End-----
-----Material Start-----
-----material name*info-----
2060_T8E30_Sheet_AMS*Elastic Modulus:10200.,Possion Ratio:0.33000001,Shear Modulus:3800.,Density:0.093999997,Thermal Expan Coeff:0.,Structural Damping Coeff:0.,Reference Temperature:0.,
-----Material End-----
-----Modal Frequency Start-----
                                              R E A L   E I G E N V A L U E S
   MODE    EXTRACTION      EIGENVALUE            RADIANS             CYCLES            GENERALIZED         GENERALIZED
    NO.       ORDER                                                                       MASS              STIFFNESS
        1         1        1.056080E-02        1.027657E-01        1.635568E-02        1.000000E+00        1.056080E-02
        2         2        1.707263E-01        4.131904E-01        6.576129E-02        1.000000E+00        1.707263E-01
        3         3        3.981875E-01        6.310210E-01        1.004301E-01        1.000000E+00        3.981875E-01
        4         4        1.765827E+00        1.328844E+00        2.114921E-01        1.000000E+00        1.765827E+00
        5         5        2.046805E+00        1.430666E+00        2.276976E-01        1.000000E+00        2.046805E+00
        6         6        3.022815E+00        1.738624E+00        2.767107E-01        1.000000E+00        3.022815E+00
        7         7        6.139706E+00        2.477843E+00        3.943610E-01        1.000000E+00        6.139706E+00
        8         8        6.220095E+00        2.494012E+00        3.969343E-01        1.000000E+00        6.220095E+00
        9         9        9.858833E+00        3.139878E+00        4.997271E-01        1.000000E+00        9.858833E+00
       10        10        1.190582E+01        3.450481E+00        5.491611E-01        1.000000E+00        1.190582E+01
-----Modal Frequency End-----
-----SpcForces Start-----
0                                                  MAXIMUM  SPCFORCES       
  SUBCASE/
  DAREA ID        T1             T2             T3             R1             R2             R3
0        1   1.6842396E-14  3.3993103E-15  1.2279874E-01  7.0451999E-01  5.1008102E+00  3.2239978E-18
0        2   1.9454545E-16  6.1218138E-17  8.5229295E-01  4.1958191E+00  1.4265990E+01  5.9016725E-20
0        3   5.2463442E-14  6.0125209E-14  1.5011667E+00  3.2564150E+00  2.8990707E+01  8.1632467E-17
0        4   4.5211486E-13  1.4279958E-13  3.4405235E+00  1.2481229E+01  4.7445204E+01  1.9128403E-16
0        5   5.6510082E+01  1.5779687E+01  2.9125211E-13  1.5132281E-13  1.8138793E-12  1.9268522E-02
0        6   2.8168795E-12  3.1288488E-12  6.1021366E+00  6.9667620E+00  7.7990617E+01  2.0325539E-15
0        7   2.2472477E-09  2.0724256E-09  3.0925749E+00  8.1757733E+00  2.8213413E+01  1.1712447E-12
0        8   1.2984868E-09  2.4144432E-09  8.5982767E+00  2.0480299E+01  9.3802885E+01  2.0426795E-12
0        9   1.2467458E-07  6.9375951E-08  1.2421839E+01  2.1669541E+01  1.0187527E+02  3.7171894E-11
0       10   9.9581315E-07  1.2701906E-06  1.4913209E+01  1.3287705E+01  1.4613397E+02  1.0944949E-09
-----SpcForces End-----
-----Max Displacement Start-----
0                                                  MAXIMUM  DISPLACEMENTS   
  SUBCASE/
  DAREA ID        T1             T2             T3             R1             R2             R3
0        1   4.3685558E-18  1.0772243E-17  5.3354050E-02  6.8564215E-05  7.4609386E-04  1.5011752E-19
0        2   1.3399023E-19  2.7858740E-19  6.8632723E-02  2.7674693E-03  9.6251390E-04  5.2901416E-21
0        3   9.2265707E-18  1.4591768E-17  5.3032915E-02  5.1203029E-04  2.6099997E-03  5.9121634E-19
0        4   1.2163212E-16  3.4467746E-16  7.8075134E-02  3.3252795E-03  3.0221932E-03  4.5981871E-18
0        5   1.4243728E-02  4.8936031E-02  1.0102497E-15  4.8730867E-17  7.8109806E-17  5.8984777E-04
0        6   4.0195062E-16  5.8390850E-16  5.6542448E-02  1.7290107E-03  4.3706272E-03  1.7677184E-17
0        7   2.6121314E-13  2.2615750E-13  7.6102485E-02  7.1666314E-03  1.4001630E-03  1.5722373E-14
0        8   5.5554654E-13  3.1886006E-13  8.1071515E-02  3.8384125E-03  5.3150905E-03  3.0437031E-14
0        9   2.4169445E-11  2.0801758E-11  6.7505908E-02  6.3262289E-03  4.0819637E-03  1.0117153E-12
0       10   1.8177241E-10  1.7478612E-10  7.2577583E-02  3.0564315E-03  5.9195486E-03  1.0313591E-11
-----Max Displacement End-----
