-----Load/BCs Start-----
-----loadcase name*loadcase type*load id*load name*load type*application type*element dimension-----
Default*Static*3*disp1*Displacement*nodes*node
-----Load/BCs End-----
-----Material Start-----
-----material name*info-----
elastic*Elastic Modulus:2E+11,Possion Ratio:0.30000001,Density:7800.,
-----Material End-----
-----Modal Frequency Start-----
                                              R E A L   E I G E N V A L U E S
   MODE    EXTRACTION      EIGENVALUE            RADIANS             CYCLES            GENERALIZED         GENERALIZED
    NO.       ORDER                                                                       MASS              STIFFNESS
        1         1       -7.986182E-08        2.825983E-04        4.497692E-05        1.000000E+00       -7.986182E-08
        2         2        8.215011E-09        9.063670E-05        1.442528E-05        1.000000E+00        8.215011E-09
        3         3        2.853221E-08        1.689148E-04        2.688363E-05        1.000000E+00        2.853221E-08
        4         4        7.789264E+03        8.825681E+01        1.404651E+01        1.000000E+00        7.789264E+03
        5         5        6.637841E+04        2.576401E+02        4.100469E+01        1.000000E+00        6.637841E+04
        6         6        9.494492E+04        3.081313E+02        4.904063E+01        1.000000E+00        9.494492E+04
        7         7        1.298133E+05        3.602961E+02        5.734290E+01        1.000000E+00        1.298133E+05
        8         8        1.532707E+05        3.914980E+02        6.230884E+01        1.000000E+00        1.532707E+05
        9         9        3.042006E+05        5.515438E+02        8.778093E+01        1.000000E+00        3.042006E+05
       10        10        4.882270E+05        6.987324E+02        1.112067E+02        1.000000E+00        4.882270E+05
-----Modal Frequency End-----
-----SpcForces Start-----
0                                                  MAXIMUM  SPCFORCES       
  SUBCASE/
  DAREA ID        T1             T2             T3             R1             R2             R3
0        1   8.2348948E-07  4.0927473E-06  8.8652012E-07  0.0000000E+00  0.0000000E+00  0.0000000E+00
0        2   1.0937034E-06  1.7177977E-06  1.9505022E-06  0.0000000E+00  0.0000000E+00  0.0000000E+00
0        3   3.5078004E-07  2.1941769E-06  2.6196897E-07  0.0000000E+00  0.0000000E+00  0.0000000E+00
0        4   6.9974875E+04  5.7136610E+05  1.2866573E+05  0.0000000E+00  0.0000000E+00  0.0000000E+00
0        5   3.8854890E+05  2.7248580E+06  5.3588862E+06  0.0000000E+00  0.0000000E+00  0.0000000E+00
0        6   4.5596293E+06  2.1555797E+06  1.3484705E+07  0.0000000E+00  0.0000000E+00  0.0000000E+00
0        7   3.6335024E+06  7.7414591E+05  1.2366063E+07  0.0000000E+00  0.0000000E+00  0.0000000E+00
0        8   1.0567820E+07  8.8012050E+05  1.5827341E+07  0.0000000E+00  0.0000000E+00  0.0000000E+00
0        9   2.7383140E+06  9.0047418E+06  1.0433637E+07  0.0000000E+00  0.0000000E+00  0.0000000E+00
0       10   4.3379962E+06  7.2990582E+06  1.3557962E+06  0.0000000E+00  0.0000000E+00  0.0000000E+00
-----SpcForces End-----
-----Max Displacement Start-----
0                                                  MAXIMUM  DISPLACEMENTS   
  SUBCASE/
  DAREA ID        T1             T2             T3             R1             R2             R3
0        1   1.1445634E-03  7.9207998E-03  3.0296711E-04  0.0000000E+00  0.0000000E+00  0.0000000E+00
0        2   5.8362577E-03  9.7345080E-03  6.1100726E-04  0.0000000E+00  0.0000000E+00  0.0000000E+00
0        3   7.4865020E-03  9.4508552E-03  8.2118840E-04  0.0000000E+00  0.0000000E+00  0.0000000E+00
0        4   1.7175342E-03  1.0862239E-02  1.2251691E-03  0.0000000E+00  0.0000000E+00  0.0000000E+00
0        5   1.2594136E-03  1.2735727E-02  2.7805869E-03  0.0000000E+00  0.0000000E+00  0.0000000E+00
0        6   6.3863129E-03  8.9521629E-03  5.6791994E-03  0.0000000E+00  0.0000000E+00  0.0000000E+00
0        7   2.7054429E-03  1.4157663E-02  3.2084337E-03  0.0000000E+00  0.0000000E+00  0.0000000E+00
0        8   7.6235400E-03  8.9892417E-03  4.4551160E-03  0.0000000E+00  0.0000000E+00  0.0000000E+00
0        9   2.2417334E-03  1.6542490E-02  2.5631332E-03  0.0000000E+00  0.0000000E+00  0.0000000E+00
0       10   3.5832248E-03  2.3365560E-02  1.3111905E-03  0.0000000E+00  0.0000000E+00  0.0000000E+00
-----Max Displacement End-----
